     9  Water Cubic Box (18.643 Ang, 17 AMOEBA)  
     1  O     -0.015   -0.115    0.085     1     2      3
     2  H     -0.548   -0.796    0.549     2     1     NA
     3  H      0.261    0.500    0.797     2     1     NA
     4  O     -1.406   -2.024    1.514     1     5      6
     5  H     -1.977   -2.382    0.807     2     4     NA
     6  H     -0.702   -2.690    1.636     2     4     NA
     7  O      0.699    1.485    2.197     1     8      9
     8  H      0.726    2.390    1.831     2     7     NA
     9  H      1.629    1.189    2.226     2     7     NA
    10  O      1.718   -1.366   -1.609     1    11     12
    11  H      1.925   -0.711   -2.296     2    10     NA
    12  H      1.147   -0.867   -0.985     2    10     NA
    13  O     -0.828    1.175   -2.178     1    14     15
    14  H     -0.537    0.702   -1.369     2    13     NA
    15  H     -0.025    1.207   -2.724     2    13     NA
    16  O     -2.624   -2.630   -0.890     1    17     18
    17  H     -3.366   -3.182   -1.153     2    16     NA
    18  H     -2.875   -1.703   -1.155     2    16     NA
    19  O      3.225    0.515    1.601     1    20     21
    20  H      3.158   -0.446    1.354     2    19     NA
    21  H      4.071    0.604    2.051     2    19     NA
    22  O      0.700    3.770    0.658     1    23     24
    23  H     -0.179    3.669    0.193     2    22     NA
    24  H      0.794    4.706    0.854     2    22     NA
    25  O     -3.278    1.544    0.807     1    26     27
    26  H     -2.786    1.148    1.575     2    25     NA
    27  H     -4.122    1.835    1.167     2    25     NA
    28  O     -1.567    3.324   -0.577     1    29     30
    29  H     -2.208    2.824   -0.039     2    28     NA
    30  H     -1.333    2.697   -1.290     2    28     NA
    31  O      2.635    2.180   -0.673     1    32     33
    32  H      2.920    1.600    0.053     2    31     NA
    33  H      2.010    2.807   -0.267     2    31     NA
    34  O     -3.225   -0.127   -1.493     1    35     36
    35  H     -3.319    0.428   -0.698     2    34     NA
    36  H     -2.516    0.303   -2.000     2    34     NA
    37  O      0.796   -3.714    1.251     1    38     39
    38  H      0.544   -3.776    0.289     2    37     NA
    39  H      0.936   -4.618    1.547     2    37     NA
    40  O      1.898    1.081   -2.997     1    41     42
    41  H      2.222    1.534   -2.178     2    40     NA
    42  H      2.422    1.438   -3.720     2    40     NA
    43  O     -1.890    0.441    2.798     1    44     45
    44  H     -0.989    0.807    2.801     2    43     NA
    45  H     -1.772   -0.489    2.541     2    43     NA
    46  O      0.049   -3.573   -1.290     1    47     48
    47  H      0.604   -2.856   -1.649     2    46     NA
    48  H     -0.863   -3.238   -1.323     2    46     NA
    49  O      3.055   -1.989    0.759     1    50     51
    50  H      2.366   -2.591    1.088     2    49     NA
    51  H      2.808   -1.856   -0.174     2    49     NA
