   2.7606526402283937       -1.7273601304124244     
   2.7441464975470971       -1.7612163821621056     
   2.7272561302525293       -2.0332873872565265     
   2.7287795806917052       -2.0540861777971884     
   3.7526964971870558      -6.09258372216896493E-002
   3.6321833654153535      -7.58375304515023219E-002
   3.9915885308984445      -4.57301084277471764E-002
   3.7310499862639204      -3.68304893383359019E-002
   3.8306225342625448      -4.87169324674673332E-002
   3.5866542905610519      -4.73411600117491921E-002
   3.5769159900674210      -6.58234324564487550E-002
   3.8691185042590774      -4.32427693732189422E-002
   3.8195168542631146      -4.25451505820251610E-002
   3.3444177370657515      -0.14784138926458820     
   3.7218926636860443      -5.89175627410856509E-002
   3.6593786357795777      -5.68961683511931202E-002
   4.1485654146945787      -2.84963304617691648E-002
   4.4660350424061832      -1.81126718859680666E-002
   4.9192020694417504      -1.30794328978705611E-002
   2.7622411190915250       -1.6100863048970906     
   5.2820688181809983      -3.56114971771401062E-003
   6.2240186375042299      -2.66860725019728729E-003
   4.0908259557209226      -4.44373247446271449E-002
   5.7445022412738256      -6.30407167390489853E-003
   6.2278620729749630      -2.04339402908468651E-003
   3.9936723701375407      -3.68424378001799557E-002
   2.7882024675406911       -1.4626737361834934     
   6.3958237936953823      -1.48149584757460793E-003
   2.8211942506676140       -1.4902947811832981     
   3.5183578555911565      -0.10649513147762803     
   4.5245741236054480      -2.99935469872034711E-002
   4.8633525473689438      -1.42163986561621367E-002
   4.6441849661700596      -1.74799667411967077E-002
   6.1241426338712923      -2.27807785031615981E-003
   2.7707024380109826       -1.6108844769376229     
   2.7549495458174911       -1.7090514463459132     
   4.2133252900767113      -3.61813802914015548E-002
   4.0263821229485908      -3.46967493801752860E-002
   3.5310084961664989      -0.11069294525063392     
   5.6224923299191794      -5.55558969687029811E-003
   5.2852555283543294      -7.38760549004879429E-003
   5.3458818729934539      -4.44566144845452444E-003
   2.8555311239767636       -1.3589556778524203     
   6.1777854446395271      -1.86987251586182902E-003
   4.4370323415544322      -2.10588111241168906E-002
   3.6417795100747106      -0.13945351108325607     
   4.5790414935879324      -1.28536783898743536E-002
   4.0141387619263984      -3.50154652088463525E-002
   5.7056208251162293      -7.36636146598940167E-003
   6.2661927835009994      -3.64871879019952996E-003
   5.8182771504973871      -7.12660001273331383E-003
   3.7803572582495431      -5.62181193771884788E-002
   5.0972370947406400      -6.95313546344868832E-003
   3.8135007539005414      -4.67535554946137064E-002
   2.8189985810567553       -1.2421190771898767     
   5.9753294469844924      -5.41325305848171408E-003
   2.7853493497225799       -1.4562713985029077     
   2.7898247256772244       -1.4143709446472443     
   4.4002937401950790      -2.18170789701893804E-002
   5.5806137655279455      -7.76100806358132403E-003
   4.1366296667697968      -2.90124424097024970E-002
   3.8792893679126337      -3.96616284114029299E-002
   2.7798422617119840       -1.5794159952251168     
   3.9073544758570340      -4.42655314793897886E-002
   2.8124789776992114       -1.2189882690010911     
   6.1885166235536602      -3.19050267097014404E-003
   2.8479243318599603       -1.2007432065494203     
   5.1407369121556883      -5.82105654713476264E-003
   4.9092949595639492      -1.61473814228693321E-002
   5.8064235119391698      -6.70570562402786688E-003
   7.0927362139022199      -1.19753508486903693E-003
   7.3759934924049384      -2.21144532056021984E-004
   4.5529991214582939      -2.23634281710498976E-002
   6.0551906658667649      -6.57075649534626105E-003
   7.1302363214692965      -5.51028716354593222E-004
   2.6438265828151439       -2.3750851378420506     
   4.1779584727471866      -4.21113218927923402E-002
   6.2176727157353655      -2.32934546374559534E-003
   4.8550119464322643      -1.28423389033895351E-002
   2.8625474668553537       -1.3994236519104919     
   5.9482033421866136      -7.09155433561699852E-003
   4.2260973722809565      -3.05821452931123415E-002
   6.6316126243923508      -1.73473473898674998E-003
   5.9663581018909682      -2.82051921787310547E-003
   2.8794792932056312       -1.3786822534808907     
   7.1824438737800103      -1.37569836752197971E-003
   4.8894766591118932      -1.93220306204129229E-002
   4.8190132807453434      -1.65439145531959333E-002
   5.2537139244538240      -1.48277385807835775E-002
   5.9293002116607321      -2.73375463914789403E-003
   2.6472400722261669       -2.3248619107566948     
   4.5608947587068913      -2.26114001553524638E-002
   2.6198148789561451       -2.4408533989235135     
   2.8361745362371473       -1.5332792322294435     
   5.9345627471617490      -5.88173844230396436E-003
   7.5080703912523354      -1.28428047739227854E-003
   4.6930746851078338      -1.91401903996628736E-002
   4.7296871989593559      -1.44811916455126598E-002
   7.6248379654914631      -1.44451561066532121E-003
   6.2227250461514050      -2.34578287827979289E-003
   2.8304375986762187       -1.5252144472827354     
   6.1284961450587527      -2.50088560420757243E-003
   2.8434222338583486       -1.5378031636798388     
   6.6664215288263913      -1.74867177225301851E-003
   6.4401677773176065      -1.49531246556872457E-003
   2.6659396092184835       -2.2336622077407515     
   6.4536832119340968      -2.31751172160681723E-003
   7.2519846938613988      -7.32265068049143858E-004
   4.3560022956835089      -2.58932636312067428E-002
   3.9366763900529085      -9.32006697078791441E-002
   7.6458352715710536      -1.12843342551382261E-003
   4.7847334304013218      -1.44950618735864619E-002
   4.4504654812727171      -2.33007761060586190E-002
   7.1195810269987092      -2.33196487542178124E-003
   7.1676878419752619      -3.29526968852923198E-004
   6.3509250507307984      -2.52296425724373189E-003
   6.4670652540391149      -2.35039231510155181E-003
   2.6743122480368666       -2.2841048078191273     
   5.9621797188612149      -4.57386478623957819E-003
   6.3375937073939976      -2.55517829771406517E-003
   4.4280452798046230      -2.36820709466285945E-002
   6.0468624922351255      -1.84839659125358535E-003
   5.4741582914636293      -1.09790398407183746E-002
   4.5296280200475625      -2.00218261137230409E-002
   4.7576465820823639      -2.25410029957060845E-002
   6.9265393956867092      -1.23172769627317080E-003
   6.5001486906070074      -1.87574480278010556E-003
   5.1838045873663106      -1.61063114994167145E-002
   2.6522765692891079       -2.2725294539458889     
   2.8845744920178435       -1.2683473183006582     
   6.9527382375579192      -1.02025718188357060E-003
   5.2907812277583348      -1.58985754402676226E-002
   4.9870918379352114      -1.11450869488018342E-002
   6.0484428574633986      -2.95007881732241815E-003
   5.8749847659376959      -4.86804603687219454E-003
   3.9678070769632940      -7.26818672088613699E-002
