   9.65336455247007       0.704436344826127     
   9.95394381288711       -1.52601254377466     
   10.4086342903618       -1.31744897301988     
   9.27559025650697       -1.18001300759045     
   11.6749048238247       0.231273758025605     
   12.9762598086311       0.174667039802767     
   10.5825285822132       0.170769732619169     
   12.3357774157648      -5.864650916438972E-002
   12.5751690037644      -9.681047188056954E-003
   10.3312410004334      -0.240253721020221     
   9.41797361202816      -0.968708253038886     
   12.9759932881869       5.122263998196436E-002
   8.92626462796176       0.413769935817916     
   10.0009031595056      -0.311788945358307     
   10.9446053996134       2.788488658304797E-002
   10.3347551751686       -1.37203510951717     
   10.1171110444089       -1.36068605876469     
   12.6209856286054       0.166885795894198     
   9.14703230097343       -1.18544658836568     
   9.49068457426303       -1.20887540578534     
   10.6885217738877       0.168053303337128     
   10.6011511547582      -0.278290820276832     
   9.86180928427465       0.274613274590504     
   11.9435548175337       3.854253706076875E-003
   11.8985205301605       3.427991995515702E-002
   11.9095452248037       0.166608794136956     
   8.94409535858961       0.397223786533274     
   12.6438246058727      -0.183676330304833     
   10.8405574748811      -0.269478944183444     
   9.09781522101895       0.567513496960154     
   11.0589941210275      -5.042434502961942E-002
   10.3735782575943      -0.314127727727741     
   12.4244654862672      -7.859110301525510E-002
   12.7244989000174       1.666502217789968E-002
   12.3761558150125       0.100790273358256     
   10.0942676790631       0.266868998176045     
   11.4014092150606       9.291627101402145E-002
   10.4098753884121      -0.288886625183608     
   9.36577156557240       0.963391289334201     
   12.0470033143028       0.202760252851216     
   9.23449814366115       -1.20978757705071     
   9.17645949170933       -1.34258310169941     
   10.8817698180738      -0.334395359837919     
   11.9415767116350      -0.108363916317789     
   10.8569977783599      -0.291193512202954     
   10.3391189348683       0.251609125777295     
   9.33924437666623       -1.41257939469682     
   10.2227883471098       0.291699396635177     
   9.11817454845834       -1.22534232182127     
   12.7864147085044      -0.270089896528652     
   9.39622076681478        1.00022717008312     
   11.2139342299131       0.357526442253808     
   11.3599672039417      -5.277696505664618E-002
   12.1945817284105       2.428558159924161E-002
   14.4776160765046       4.579896941483360E-002
   15.1202785204904       2.909371530901367E-002
   12.0367456049093       1.777949314001215E-002
   13.6385096973164       5.691714165410584E-003
   14.4695871092174      -1.154779874238737E-002
   9.97343907006962      -0.418815578376604     
   11.7997734741933      -3.516266564829592E-003
   13.7898860671855      -1.712060149488838E-002
   11.9521261806851       4.291260816803821E-002
   10.3371366277285       0.194207403552890     
   13.3602784751532       2.257075935225560E-002
   11.8498692685948      -1.887355818118140E-002
   13.9948459760716       4.350882066499631E-003
   13.4291640015689      -2.621716561386653E-002
   10.0983169491820       0.168144054330803     
   14.3915432292628       1.381329046029719E-002
   12.3907785287863       1.192137734333008E-002
   12.2707135004238       2.943325893770122E-002
   12.2303150269349       2.950006625606051E-002
   13.2833762407621      -1.746352381343686E-002
   9.93880207342110      -0.367737984034210     
   12.2835332758693       1.563685354144170E-002
   10.4420259441171      -0.398615905536240     
   10.4144173576966       0.188404806043020     
   13.5030672681276       1.737583520280307E-002
   15.3687774264099       2.349322093758523E-003
   12.5041800702694       2.515120165998215E-002
   12.0656934669236       3.398893686742678E-002
   15.3383191600760      -2.519456759727911E-002
   13.8736922128294      -3.299143960866772E-002
   10.3921101192027       0.196430697877891     
   13.4462004218837      -3.053339021329399E-002
   10.1513882101897       0.224635551545093     
   14.2665900193494       4.130948089737363E-002
   13.9907346178446      -2.861645393295988E-002
   9.74140733254815       0.450664841337168     
   13.9066258618841       2.917705920948726E-002
   14.6424133159049       5.322477009047508E-003
   11.7732791205071       2.972568746566467E-002
   11.3442149143829       9.250869065092711E-002
   15.3455763100927      -2.525442935972619E-002
   12.4348728189270       1.744245178438377E-002
   11.6255057526010       6.017443560107520E-002
   14.6720962249473      -2.862271463146501E-003
   14.6576890120174      -8.867935116066358E-004
   13.5144953313593      -4.719515658681419E-004
   13.9228380488592       1.845710039657006E-002
   10.0804833928610       0.268410843088908     
   12.8932517464880      -5.884244394921686E-002
   13.6461406616411       2.877824778820287E-002
   11.6740782061453       4.080971987747684E-002
   13.4928969865616      -1.505118736164039E-002
   12.8705911357942      -1.575952280892103E-002
   11.4509617471807       5.147123350424468E-002
   12.0564552358358       3.699626919977436E-002
   14.1628340215337       2.787484939604810E-002
   14.1887840491292       1.202535111055925E-002
   12.3973408286911       8.974510460023952E-002
   10.2432877372342      -0.367990314294737     
   10.4130716320565       0.204610570464047     
   14.1166728288868      -1.930584360778550E-002
   12.8321907457075       1.777118488796691E-002
   12.4659873279779       2.436904729781733E-002
   13.1147532582152       4.249050281549455E-002
   12.8787811387830       1.336600400478072E-002
   11.3490783764289       6.369754081048873E-002
   13.4779530044697       2.119042122867647E-002
   13.7119524503064       8.733362682000324E-003
   13.0349491676574       0.152509842257360     
   12.2013366708866       0.171627078894445     
   13.1275335980163       0.153338851223512     
   12.4527166604922      -1.413212321189876E-002
   13.9194497789170       1.687570955256814E-002
   13.9074359838360      -2.747109100228062E-002
   13.7647301147513       1.699029581360058E-002
   12.2220234105896       0.121172248838441     
   15.8902710813834      -8.057746536065188E-003
   9.82529078933896       0.943535950028002     
   13.8447087149253       1.942124667037307E-002
   13.1101718798545       1.284813249251945E-002
   13.0270166219226       4.464925780371869E-002
   11.8073176550856      -5.323489756933524E-002
   13.7622426225136       3.756406749580447E-003
   16.3956745050266       6.475384670384866E-004
   14.8230537816281      -2.754374562636073E-004
   16.0288144341774       7.059438984658636E-004
   14.4742543736307      -1.238925597194061E-003
   13.5569445072844       1.108863804085922E-002
   11.0677382638474      -0.286690485335246     
   13.6808574171583       7.900909550880677E-003
   13.2625587400583      -5.468877963456702E-002
   10.7697422477199      -0.378294901392581     
   11.7804338916889      -0.107838085474972     
   12.0817369287284      -0.176867917152397     
   15.7818846531507      -1.541382433717643E-003
   15.2798503737158       3.578338457591850E-003
   12.8893173930753       2.309987808544628E-002
   13.4435465724276       3.212592538058601E-002
   15.0544186182737       1.075606361513092E-002
   11.7253534172785      -7.885411899556891E-002
   13.8959211605361      -4.511969462353750E-003
   14.1629501949971       7.976744861920575E-002
   12.8811332322651       4.087332568501133E-002
   13.3468548845969       1.536147856842924E-002
   15.2501997049864       2.169736416240517E-004
   15.1370461511747       2.428471623858163E-003
   16.3622532490007       4.835035975534955E-002
   11.4060661962707      -0.281665105800215     
   14.5619340262321       4.385563050125067E-002
   16.1203395135358      -5.740807358383260E-002
   9.39974007204421       -1.65453240096547     
   9.72840205937940        1.05346738309745     
   15.3757376285223      -5.750475243925650E-002
   10.4384473161914       -1.21756705153027     
   9.14314644153804       0.702482255978001     
   13.2350185848836      -6.575784697284691E-002
   15.7321848279662      -1.511427480524841E-002
   16.0045073982943      -2.498965832995006E-003
   16.9929291613458      -2.974922137913547E-004
   14.3894101843616       1.039180459154529E-002
   16.4581850620986      -1.888581678657831E-003
   12.9597479448336       0.121798191787065     
   16.4969058926217      -1.336493555242466E-003
   13.3569769933024       0.130992154222449     
   14.7297268854329       1.610134291274992E-002
   12.4538830140126       0.195615123465045     
   14.8757393519320      -1.965723344646338E-002
   14.5883357577342      -2.368615885822656E-002
   15.2880552467163      -2.627967674790180E-002
   16.1522537548035       1.579555156000986E-002
   16.5202914962973      -9.093611393628520E-003
   17.3129171163074      -4.852527950779980E-003
   13.7749000871312       7.450724825517786E-002
   17.3672144585869      -5.796657980848604E-003
   16.9713178072611      -5.452456039096858E-003
   12.6657657956710      -0.152685500131755     
   16.4471841737546       3.185478430830397E-004
   10.9279205597168      -0.293331094493040     
   13.5454499520880      -3.420811826372339E-002
   16.9268175267339      -6.514616103287459E-003
   9.57795981560702       -1.37219663064063     
   14.0628670232462       1.125797000824378E-002
   15.8673847731878       1.155412280359648E-002
   16.3283666099323       1.848768925330374E-003
   13.6748510014643       5.652787555556045E-002
   16.1785399803856      -8.481885618713579E-002
   16.9250594653705       3.827681297803616E-003
   13.0161619732142      -1.882343706003612E-002
   16.3824411238637      -1.358247980994266E-002
   17.4367642068545       6.517947094505087E-003
   16.5724594938433      -1.455352914930235E-003
   15.4831297945548       2.640617121286623E-004
   15.2979981147072      -5.632845237398460E-002
   15.0112360425038      -6.728814863611707E-002
   16.0838136359601      -5.134305244808521E-003
   15.1804814763850       8.781967032661323E-003
   12.8287373299134       0.122563689691507     
   15.8636544552966      -3.269806241436723E-003
   11.3444946408527      -0.267074427483548     
   12.2696768078111       5.930816230916235E-002
   15.4447858894297      -3.822246930451158E-003
   15.6841749518431       8.836013902956553E-003
   10.7932013055746      -0.698085314563449     
   8.95883689242095       -1.35349334592663     
   10.1973510831640       0.853055137591458     
   16.1697562819209      -5.365157391233066E-002
   15.2049628770449      -2.213407978721900E-002
   15.9074897552360       2.202577607355905E-003
   12.3879949637222      -4.287946374436095E-002
   13.2207531402108       0.170316800730540     
   12.0107390561599       0.102786019561907     
   13.1493170236137       2.467903027745939E-002
   15.5665366748282      -2.538089783783169E-003
   11.6481937473063      -0.177009446946977     
   13.3239229183027      -1.367827542046482E-002
   15.3428706209467       1.029913524044663E-002
   14.7080118208149       6.783420327386983E-003
   12.1747183017850       3.726294822800921E-002
   15.5830819720288      -4.173331244807740E-004
   13.9621088296238       8.293359770896102E-003
   13.0282330014192       8.378702564630074E-002
   13.6942131183302       6.490623609990925E-002
   13.8264873417311       3.149248501082810E-002
   12.0902096146006      -0.108609189077752     
   15.1686213402364       6.995892553971462E-003
   12.9955011697090       2.960108126513200E-002
   11.5357641787573      -0.211413886512353     
   12.7367996241594       1.990738585775519E-002
   11.4504093508306      -0.107701178991516     
   12.0825479381936       4.387371519905904E-002
   13.0791562737884       3.963609739412680E-002
   16.1179571180780       5.760334072807476E-003
   12.8379911710235       0.126576249318563     
   12.6404530023025       6.421487180148454E-002
   15.7312653703735       4.590217283871626E-003
   14.8876408196637       7.574005913868914E-003
   15.9875812857845      -1.643542491659154E-002
   16.2550856720937       5.503456313447416E-002
   14.8904670454063      -1.740981795973503E-002
   16.2057154226866       1.736662063498027E-002
   16.7853874515071      -3.708789267655806E-003
   14.3904615466056      -1.448075057653761E-002
   15.5873566349728      -1.774844483480969E-002
   17.6876972226001      -2.522849953258930E-003
   13.8346857042803       5.320127965285009E-002
   15.1644755453662      -4.208407562962271E-002
   16.5093783176123      -9.895040322229938E-003
   9.75174935610943       0.909024602218703     
   13.6156403524800      -8.215976241284867E-002
   12.7634426628505       9.700665210271228E-002
   9.18119022738311       0.440403743293908     
   15.5756386417102      -7.917755612433368E-002
   12.9454346254772      -6.514748478557102E-002
   12.9355975917498       3.910751096097012E-002
   10.8799474864416       -1.03851255337787     
   14.8777880943112      -7.546426334801084E-003
   9.85497485179158       -1.49797276321178     
   11.5291695946011      -0.274947303805030     
   9.40114654772223       -1.73632041524249     
   9.12213257822114       0.478862586284157     
   14.3120046228984       5.261380631380819E-002
   15.5482754654242       0.143616328246095     
   12.7939061039188       5.053399642295824E-002
   10.3401678687536       -1.21244033540455     
   16.5575729559485      -1.154803116559741E-003
   13.4147069335233       0.118469112240429     
   11.0701450117015      -0.277925401667074     
   13.8728299313020       3.801617538004459E-002
   12.6792398538542      -0.117666743130294     
   16.1650023472574      -2.960049040544810E-003
   15.9993749403878       6.774863592421534E-003
   9.73479602327196       -1.33160757120262     
   16.8447939466503       1.858186517523374E-003
   15.9023423254925      -3.038890189113904E-003
   11.9133929147986       4.860989744605871E-002
   13.5855508429207       5.435653063463270E-002
   16.9574729228740       1.596452910743520E-002
   14.1569974263434       3.769954010718411E-003
   11.3323787281981      -0.242629307875399     
   17.3237485945868       7.830129195600081E-003
   15.6311023064783       1.489926764328028E-002
   15.5044258768165       6.945095468602260E-003
   15.2833292785599      -7.659336964144907E-003
   11.5512026171968       0.362375753471698     
   12.3487193390045       0.319403811882768     
   16.0463876482000       8.111457948237878E-003
   12.3960861175256       3.517811581815704E-002
   16.9546103505086      -6.197720557339616E-003
   16.4425324943763       4.242191989537785E-003
   13.0076514739435      -1.251427500613534E-002
   16.5579243566411      -3.965900045027336E-003
   16.9860640671603      -8.715787700368523E-003
   17.1312860919548      -3.339476504733391E-003
   13.3245912396974       3.636447350786751E-002
   14.1153175422830       9.256329965500050E-003
   12.6068623619266      -0.104923642994780     
   15.1541512345281       7.951213723311223E-002
   16.8144485453913       4.184221725403389E-003
   14.7700060524831       5.712966136244856E-004
   15.0817594260797       3.054600020891197E-003
   13.1675482314689      -0.123878929681438     
   14.5826248631573      -1.231767242174566E-002
   12.6211147438577       3.144971597065706E-002
   13.2365320375291       6.976047419368814E-002
   13.4840300019607       5.951686519736899E-002
   13.7872616614883      -3.576060388554984E-002
   12.2398989222841       0.244819752176646     
   11.3294912441813       6.789097055408437E-002
   11.5514955825146       0.266150089385694     
   13.6437968875289       3.326357021081592E-002
   9.30870242299143       0.259522288052854     
   14.7578458692149      -3.254803304193758E-002
   11.3364238193612       0.253993755453403     
   12.2380277476911       0.275367390735866     
   15.6859164694166       1.241506989213807E-002
   17.6606558111091       4.699581049076106E-003
   15.3982333985472       1.214197570900659E-002
   16.4525093099521      -6.268433036648501E-003
   15.4896350733068       2.555427041532660E-002
   12.3201051711437       0.149631202137931     
   12.5705007202357       2.271711157597594E-002
   13.6157127903801       0.114029922572446     
   15.4093828870047       6.232707711835525E-003
   10.2269383101659        1.15384813408218     
   13.3170695614518       6.336451362045701E-003
   13.9458569593236       2.911797839851576E-002
   16.9119441698197      -4.764160231172401E-003
   15.7987740143148       1.712464147858099E-002
   10.6739753133816      -0.260835516112073     
   16.2938197304470       1.203235958637045E-002
   12.7171161749388      -1.645682113400002E-003
   11.6521506237285      -0.163690723549517     
   15.2431821333647      -7.619086690524016E-003
   12.7287883233097      -2.521917519327518E-002
   9.45120355982979       -1.61537480651859     
   16.5327083673241       4.955809632395184E-003
   14.1437128545698       2.370693641347865E-002
   12.3221526196029      -9.899083793054322E-002
   16.7374206670186      -3.840751131944968E-003
   17.0271919702691      -1.068644439732596E-002
   13.2176940912808      -2.573619796408254E-002
   16.4106374710601       4.209630323311060E-003
   16.1158081403303      -0.101630613533836     
   14.7181705969449       6.528984831936595E-003
   14.9149075326746      -5.893653164633206E-002
   16.1750461868093       2.298733112390651E-004
   14.2068521121000      -7.972974202649602E-005
   16.7461150662279      -2.053215279264659E-003
   15.5253591418754      -1.856019546146690E-002
   14.9074618397040      -4.037906465237080E-003
   15.5052253451577       3.679793739061871E-003
   16.3080022030396      -7.289059538620911E-002
   13.9546367044304      -3.727577356763893E-003
   14.8521906352909      -3.507631175159659E-002
   17.2776131759690      -2.210780646971724E-004
   13.4220091619555      -2.924285662470914E-003
   16.2440720787546      -9.539482502829951E-003
   15.7232075272187      -6.970365034591448E-003
   15.7757897181499       7.085427542362494E-002
   15.2285194037210       7.858678642599306E-003
   14.0609232661892      -5.538679131855921E-003
   9.27366808734316       -1.19309374200509     
   15.7178664240953      -1.528832832878821E-002
   12.9033003153661      -0.153371357230774     
   10.9982272637314      -0.313893152814045     
   14.9576003408763       6.665418828342552E-003
   13.3903939672610       6.090499451255019E-002
   15.6021945617727      -3.131324207379352E-003
   12.6402330265456       0.186039542318071     
   14.8136012161046       5.289235858186365E-002
   13.1326480255643       1.085654063268951E-002
   14.9726347882513      -3.843879111430111E-003
   9.25112667291223       -1.25198598596039     
   9.48789997159561       0.858311623948146     
   15.7470662655992      -7.087505480764053E-002
   10.8951291585377      -0.619848418275822     
   10.5959151446692      -0.954837170462502     
   14.8091216541705       2.851197096788168E-003
   14.6401389385994      -5.396047179480892E-002
   9.54298115236310       0.689049354025879     
   17.0736437196252      -5.189694835454679E-003
   15.9129168993698      -1.086032075741150E-002
   12.8325822295660       2.815553067398587E-002
   13.2353266677738      -2.249611077970694E-002
   15.4378845375214      -2.022094704037378E-002
   9.85659930070944       -1.37625096503429     
   14.7667688364959      -4.610541417509971E-004
   13.4658907877904      -8.148792322568377E-002
   14.3960425987830       1.665724901391405E-003
   12.1721361666144      -0.130153758297209     
   16.1549205943209       2.674270489827625E-004
   13.9433408045787       2.456926774859387E-002
   16.0915157578329       5.872167821682059E-003
   14.3268141291309       2.251080688049231E-002
   12.3674475345906      -6.387885365968318E-002
   15.5755366170072      -6.842690337400979E-002
   16.6586070481935      -1.201338226821171E-003
   13.2475513781332      -1.434077172168829E-002
   15.9750646021375       3.725191865693350E-003
   16.4192089367526      -9.805433062723622E-003
   14.0342773496933       1.291620434880699E-002
   12.5768137933893       2.410470803025749E-002
   9.53628680743793       -1.69609579450697     
   10.8801586788640      -0.294409050717834     
   12.8836713916308      -4.781922144769836E-002
   17.8332166815758       4.104459626719876E-003
   11.6776286837376      -0.175834906043650     
   14.0070537778848       2.304318432528931E-003
   16.6707625918252       1.765852784454056E-002
   16.1657782248604       1.661888301566362E-002
   9.48956922830084       0.911157480992780     
   13.9151399888284       3.954745526472851E-002
   9.53519057947019       0.819183095151069     
   16.7342275202927       4.516245823107390E-003
   13.1673814770902       0.211543960320697     
   11.6859658892868       0.209918512736615     
   15.2422675394107      -8.547781490263723E-003
   16.9376975737132      -6.899249303517067E-003
   11.0431990332525      -0.319398540386874     
   9.52899762946410       0.256577225306848     
   16.6141941568367       1.015410983033682E-002
   10.4125000239733       -1.05523871799819     
   12.3710446551404       0.151670342147155     
   14.8087182482746       0.159927832583167     
   15.7539536156264       7.941921196441948E-002
   13.0707585042870      -0.171324845488928     
   16.5629363534498       4.713315222141244E-003
   9.42959105575386       -1.19622704247167     
   15.0102711068739       2.410476117716064E-003
   15.1542431428150      -3.732214531926575E-003
   14.1418232676008      -3.306104851312021E-003
   15.0478580934880      -4.998197330162671E-003
   11.1345616010228      -0.748961158656202     
   12.4828439099025       0.109194767112898     
   12.4794205193455      -3.024183145084376E-002
   15.5454418853251       1.980281520969888E-002
   15.5365896460206       1.629511775951434E-002
   16.5130581230757       5.235026016363799E-003
   13.7500881524067       4.542652776588692E-003
   14.8795146275107      -7.069761607385164E-002
   14.9413994815736       2.109318673381173E-002
   13.0480005191822      -2.442283067392127E-002
   13.6414396817343       6.677254475473693E-003
   16.0984747291830      -9.720476094655180E-003
   16.8221451900326      -6.754013014047073E-003
   14.6835255484664      -4.861590463093410E-002
   18.6948270785881      -1.076734130847419E-003
   18.2773479597529      -6.103846454605754E-003
   19.1142849816600       4.318884615647297E-004
   17.1024518285771      -3.276021828370448E-002
   16.9190066704974      -5.800736269424310E-002
   16.1601713457613      -2.241123581224583E-002
   18.1294222103829      -3.847489273468984E-003
   17.2014620847883       7.527926801522413E-003
   15.8845838924183      -4.646538265997333E-002
   15.6881796283150      -0.112596656017025     
   16.4898873725701      -8.871201143638904E-004
   16.0509990372278       0.103309724825155     
   17.3424043501114       2.469535898191086E-002
   15.9543828223818       7.426549091780808E-002
   19.0620223564045       3.164011561075094E-004
   18.2867408932481       5.861516772711993E-004
   16.9606926377966       5.694924959771984E-003
   17.8633789247518       2.636229520017278E-002
   19.5469218807430       1.958888476977277E-003
   13.4386273860013       3.241502400732099E-002
   17.8117315879863       3.652721938349442E-003
   10.0402479381318       -1.54355212724448     
   15.3973791230319      -1.749206192961117E-002
   17.2108396145113      -1.030987907413769E-003
   12.0739506771090      -0.271823393844049     
   13.8692298002477      -8.684605181648812E-002
   17.7531871575063      -4.913016719771017E-003
   17.5414292830196       9.216321401372551E-003
   12.6356936387348       0.380350310670131     
   17.8789844101850       1.308370556938149E-002
   17.0575968120035       7.829676595874357E-003
   15.3606680935717       2.942495514658169E-003
   16.0373191597208       5.321601223266983E-002
   19.1710818500286       1.154820308196934E-003
   16.1249879550152      -9.872997049390667E-003
   17.7752600482556      -3.665659173606966E-003
   16.0222212852415      -8.460304805556216E-003
   17.9474279867628      -2.660923837574685E-003
   16.3303774957187       2.763806151477010E-002
   17.5064849434605      -6.474532206734262E-003
   12.8686475477975      -0.134216222353928     
   14.3356575900141      -5.976859623046125E-002
   12.0284665492950      -0.249958201481072     
   10.2640206317529       -1.16235874154914     
   15.5185693206885      -8.574609851340667E-002
   16.8957798790896      -6.434912349609931E-003
   14.2167750065458      -4.648924449001474E-003
   9.69278250889165       -1.08241492561356     
   13.0107363069516      -0.181805053969738     
   18.0254228997255      -1.252554087419787E-003
   14.3710014103491       9.355472469002649E-002
   17.1529678958572       5.133251322439665E-004
   13.7660022707510      -2.258373471344343E-002
   16.6782000545566       4.285037747323902E-003
   12.7785578860053      -0.260081790062534     
   15.4186047553802       1.008393274507638E-002
   12.8122703531281       0.219625717561400     
   9.94175120172373       0.781287745011476     
   17.3431039932227       4.279673548011474E-003
   16.6236444226452       6.816048024569664E-003
   13.7381853381341       6.374507036039033E-003
   14.2094984956941       1.061247406548602E-002
   17.7802355494332       8.114429021732162E-003
   13.0960624906585       0.242229786626121     
   15.4284083249595       5.624180619101138E-002
   15.6395880626567       6.810384084052713E-002
   16.6574787320307      -3.165719229217309E-002
   18.1875108123306      -6.928861225081276E-004
   17.8907936824553       2.812917546666356E-004
   14.5512661580647      -8.842618232660296E-002
   19.0145960479872      -4.058492985075863E-004
   16.5308373904799      -1.674591697140192E-002
   13.2018396907801       8.129329579830444E-002
   17.0854783657239       5.397861074865687E-003
   18.5016700325739       2.739222532253069E-003
   15.5701048130376      -6.793787196048340E-005
   15.6705375076175      -2.611157883586559E-003
   19.0152393405504       2.215696792630234E-003
   15.7812860160924       5.353264260754592E-002
   16.4128482177164      -5.454054115825890E-002
   14.2360212063566      -0.147253600501799     
   10.3728048219878       -1.38984845490581     
   14.0953729365207       7.728519060909141E-002
   15.1463732122604      -4.896976436117127E-002
   9.95476464523642       -1.40590974609643     
   18.1187830251270      -4.845928310261914E-003
   17.4756154459890      -1.723143657920705E-003
   16.9657858182814      -5.895302019781762E-004
   17.8693906675231      -6.530755817015557E-003
   16.7562233416929      -4.907610596872418E-002
   16.2086386304642      -1.638762461359636E-002
   15.3269951709320       1.030475633652092E-002
   13.4710534400617      -0.109880250640619     
   10.4212912233559      -0.970746873851779     
   17.0254654427571       8.273731883148656E-003
   16.0390947201644      -7.424783765282926E-003
   12.4533451909067      -0.239556291993638     
   17.2314569935780      -1.066378715418643E-003
   13.7759387626177      -5.137663734606770E-002
   12.5443473608502      -0.105785275373593     
   10.0111472363393       -1.56695813387134     
   13.5255654400028      -9.369045928764584E-002
   13.3388797397270       3.653591673071868E-002
   18.7353866787856      -3.961416739689114E-003
   15.6941372211323      -1.024853945948389E-002
   11.9565215668847      -0.268566756287019     
   18.6394159361325       3.568492926220410E-003
   18.0356044987197       4.316038547639134E-003
   9.81199171087680       -1.53741417687053     
   12.4910540161708       0.378813766740309     
   17.7737205417795       1.213792187109550E-002
   12.0976229944653      -0.278870272874836     
   11.7999675591882      -0.269016047512496     
   17.3642338714463       6.598265756224617E-002
   16.0102277670828       6.352025669000197E-002
   15.1216623341297       5.516426625917134E-002
   16.8113101815286       3.493658774070389E-002
   10.2035614693818       -1.48604640986815     
   13.5280414540577      -3.680121609815729E-002
   16.7986062091226      -4.657499318459656E-002
   13.4869448621932       6.443714006073722E-002
   19.4894956306492       2.745807768063844E-003
   16.1017957237332       4.237236024756124E-003
   15.1938779661687       5.316144742100254E-003
   18.3170472947356       5.542482728067026E-003
   19.0838271889999       1.123678475645563E-003
   18.7012937669672      -3.555933974271157E-003
   17.4215621775780       3.731767550027415E-003
   17.7851849260329       1.566011465174641E-002
   16.6153699294216       6.027577222327149E-002
   16.3755001216251       2.054226748661222E-004
   17.6086938783576      -6.924938444457443E-003
   15.9028915691944      -1.540863910171639E-003
   18.4029680219142      -8.346030184192956E-004
   16.8273970110485       4.991958097792207E-004
   17.8153700886062       1.574449846221386E-002
   13.3149360394185      -5.573927124817921E-002
   9.61053622258748       0.464311848256082     
   17.1426943990737      -3.867502745520415E-002
   14.0553388063951       3.419802808612459E-002
   9.94684268916742       -1.36425232089415     
   16.4037018376090       4.689499005327015E-003
   17.2501101345129      -1.273279182823845E-003
   15.3228434296479       7.413838625774698E-002
   19.2619829279243       1.582654969527295E-003
   15.2429761704132       3.089353876567729E-002
   14.7566154731385       6.567236072481344E-002
   18.9197730643868       1.005450100800208E-003
   17.8085261187248       4.672320814880036E-003
   15.5567062549199      -5.454339559999364E-002
   14.7577483026396       0.120920088391120     
   10.0389898631244       -1.40511404455677     
   14.0547520278748      -0.166019492608437     
   17.0219463234065      -4.556588765624422E-002
   19.6067379967510      -1.274354867187177E-003
   14.5161657254112      -0.189600750380437     
   15.7723813100496      -8.827403992102570E-002
   16.8029807147056       1.209230603636654E-002
   16.0588456240940       3.245794805613245E-002
   18.1846322170100       5.899037021944648E-004
   18.6792443091142      -1.025069937680972E-003
   15.1680656786160      -6.072970404817127E-002
   15.7929090690176      -2.205707077127872E-003
   17.6734749827588      -1.676768041677132E-003
   14.6436037364672       2.493004300439068E-002
   18.4689028212937       4.666688719323561E-003
   11.8150479741217      -0.265592933630397     
   14.7686474958174       8.842840697382288E-004
   17.8131770300762      -1.572983014635585E-004
   15.9517354174634       7.064767903330088E-003
   17.6293741538591       1.051402411588677E-002
   14.1955681119179       2.198373748521638E-002
   12.9167698913732       2.617839104996514E-002
   15.8139039991340       6.948282764550990E-003
   18.0309036277149      -3.077383993879395E-003
   18.9307173925794       7.062112258859309E-004
   17.2801053402101      -1.097250496158075E-002
   17.4176928678589       6.094429414249278E-002
   17.6980976055642      -3.127996191418933E-003
   16.1879371492320       7.591514083251388E-003
   17.1950956851584       2.261832821090352E-003
   16.9395131103118      -4.340200468097104E-004
   17.6184893657348      -6.206571187414493E-003
   17.4931380891857      -4.445050820715823E-003
   18.2550759459373      -1.443287198305418E-003
   18.8648527970050      -1.954824509559275E-004
   14.4993955902313      -3.806757803326685E-002
   16.8427327896396       3.018191184658763E-003
   17.4461653402072       3.514297519827109E-003
   17.7055097262221      -6.524864626123564E-003
   15.6415261926830      -7.542500837432173E-002
   17.6130495602666       1.094505090816999E-003
   15.4569355307222      -8.809653436120959E-002
   13.7796850258616      -4.082821498847081E-002
   15.5892302044560       7.771573822042177E-002
   14.3026871831892      -0.123531291115069     
   12.0894493657767      -0.256383193572922     
   18.3482162837186      -1.638587564452837E-003
   16.2652097646035       3.976241096357492E-003
   14.7334460641619      -2.043482759587104E-003
   18.0211694743058       8.679247440858002E-004
   15.7602950996490      -1.558850698037996E-002
   13.4567856436066      -0.122292401320544     
   15.8579763799397      -4.525940912887308E-002
   16.9565245490691       1.072641845726825E-002
   15.5225861013043       1.311897130962908E-002
   17.3877895250855       2.846463390203707E-003
   15.3357174595933      -1.892227901629304E-002
   17.3311521816720      -2.640023076392203E-003
   15.6519930547324      -3.631704470675494E-002
   18.6366915155312      -7.447754351862347E-005
   14.4432064876545      -0.182665410077054     
   14.3718150205601       2.406738391317961E-002
   13.8845240141188      -0.114867994313718     
   13.9433638453219       4.076087702051532E-002
   9.50465813827024       -1.08412550140405     
   18.2919623227797      -2.146845554855995E-003
   17.8148148414308      -9.393469812617630E-004
   14.2456801426568       1.111117948409462E-002
   15.8912347003644      -3.806849435566587E-003
