   5.28206881818100      -3.624512416684034E-003
   6.22401863750423      -2.599535222347994E-003
   5.74450224127383      -6.287749000397715E-003
   6.22786207297496      -2.055968821881421E-003
   6.39582379369538      -1.460215960537887E-003
   6.12414263387129      -2.255876188870477E-003
   5.62249232991918      -5.600837044376203E-003
   5.28525552835433      -7.241260052010971E-003
   5.34588187299345      -4.379625129991263E-003
   6.17778544463953      -1.882176046772454E-003
   5.70562082511623      -7.444231424297859E-003
   6.26619278350100      -3.599707455425613E-003
   5.81827715049739      -7.141123001256141E-003
   5.09723709474064      -6.942124467485439E-003
   5.97532944698449      -5.437680308264835E-003
   5.58061376552795      -7.769033900480343E-003
   6.18851662355366      -3.265682318836159E-003
   5.14073691215569      -5.816007269056415E-003
   5.80642351193917      -6.638291850727004E-003
   7.09273621390222      -1.174417799243294E-003
   7.37599349240494      -2.200768848922959E-004
   6.05519066586676      -6.502719623317149E-003
   7.13023632146930      -5.665375890090829E-004
   6.21767271573537      -2.403973736332792E-003
   5.94820334218661      -7.097303864940879E-003
   6.63161262439235      -1.795468964935651E-003
   5.96635810189097      -2.857008300720635E-003
   7.18244387378001      -1.357201613200729E-003
   5.25371392445382      -1.483938556723636E-002
   5.92930021166073      -2.746718766029998E-003
   5.93456274716175      -5.923532403888945E-003
   7.50807039125234      -1.202745966768470E-003
   7.62483796549146      -1.443622680449232E-003
   6.22272504615140      -2.340516723801956E-003
   6.12849614505875      -2.453585423005714E-003
   6.66642152882639      -1.753867923666351E-003
   6.44016777731761      -1.493338928070433E-003
   6.45368321193410      -2.322515060202189E-003
   7.25198469386140      -7.382406769195624E-004
   7.64583527157105      -1.173880995239275E-003
   7.11958102699871      -2.344851770936626E-003
   7.16768784197526      -3.163741560257868E-004
   6.35092505073080      -2.509592989536472E-003
   6.46706525403911      -2.354598844461944E-003
   5.96217971886121      -4.551794004069193E-003
   6.33759370739400      -2.537669639152158E-003
   6.04686249223513      -1.848229831168051E-003
   5.47415829146363      -1.094026607245311E-002
   6.92653939568671      -1.238640124132318E-003
   6.50014869060701      -1.766149152112355E-003
   5.18380458736631      -1.607146036303986E-002
   6.95273823755792      -1.029844120244240E-003
   5.29078122775833      -1.569963172944805E-002
   6.04844285746340      -2.937306637182647E-003
   5.87498476593770      -4.860966639289374E-003
