   2.7606526402283937       -1.7273542694407336     
   2.7441464975470971       -1.7614528197269805     
   2.7272561302525293       -2.0334352894405185     
   2.7287795806917052       -2.0542903674702773     
   3.7526964971870558      -6.09661163310405846E-002
   3.6321833654153535      -7.58796546075459488E-002
   3.9915885308984445      -4.57599158347057541E-002
   3.7310499862639204      -3.68677131201432043E-002
   3.8306225342625448      -4.87475080556871304E-002
   3.5866542905610519      -4.73771517554444216E-002
   3.5769159900674210      -6.58599503807908576E-002
   3.8691185042590774      -4.32748895277958665E-002
   3.8195168542631146      -4.25848294034085126E-002
   3.3444177370657515      -0.14787269254450064     
   3.7218926636860443      -5.89523840248033018E-002
   3.6593786357795777      -5.69283620515896316E-002
   4.1485654146945787      -2.85230871566048219E-002
   4.4660350424061832      -1.81454976540635915E-002
   4.9192020694417504      -1.31092591927791154E-002
   2.7622411190915250       -1.6102600556440501     
   5.2820688181809983      -3.59930158461202248E-003
   6.2240186375042299      -2.69596696062839470E-003
   4.0908259557209226      -4.44706687548718782E-002
   5.7445022412738256      -6.33540743254078394E-003
   6.2278620729749630      -2.07457785654713680E-003
   3.9936723701375407      -3.68786248991529453E-002
   2.7882024675406911       -1.4628350357903654     
   6.3958237936953823      -1.51889973696456098E-003
   2.8211942506676140       -1.4903004126642196     
   3.5183578555911565      -0.10653494422205426     
   4.5245741236054480      -3.00231830794107611E-002
   4.8633525473689438      -1.42415935349431543E-002
   4.6441849661700596      -1.75019485370409046E-002
   6.1241426338712923      -2.30270346705386013E-003
   2.7707024380109826       -1.6110948611540936     
   2.7549495458174911       -1.7092390375087616     
   4.2133252900767113      -3.62068790612364785E-002
   4.0263821229485908      -3.47236648269245649E-002
   3.5310084961664989      -0.11072772549689759     
   5.6224923299191794      -5.57764219428124458E-003
   5.2852555283543294      -7.41029800657372686E-003
   5.3458818729934539      -4.47399110843844667E-003
   2.8555311239767636       -1.3589816969347754     
   6.1777854446395271      -1.89648055691914305E-003
   4.4370323415544322      -2.10805455122761928E-002
   3.6417795100747106      -0.13948941023892555     
   4.5790414935879324      -1.28889018582000157E-002
   4.0141387619263984      -3.50565485310720959E-002
   5.7056208251162293      -7.39526138460000568E-003
   6.2661927835009994      -3.68150435724544974E-003
   5.8182771504973871      -7.15873704211905399E-003
   3.7803572582495431      -5.62557975677658931E-002
   5.0972370947406400      -6.98498664976015225E-003
   3.8135007539005414      -4.67829276230898733E-002
   2.8189985810567553       -1.2421457013864488     
   5.9753294469844924      -5.44967850499048553E-003
   2.7853493497225799       -1.4563471030322312     
   2.7898247256772244       -1.4145521333983806     
   4.4002937401950790      -2.18483226092756264E-002
   5.5806137655279455      -7.79651455812688764E-003
   4.1366296667697968      -2.90384586522529631E-002
   3.8792893679126337      -3.96960604623293675E-002
   2.7798422617119840       -1.5793633903687767     
   3.9073544758570340      -4.42980862305708475E-002
   2.8124789776992114       -1.2191144222331631     
   6.1885166235536602      -3.21812355293787282E-003
   2.8479243318599603       -1.2007530391549632     
   5.1407369121556883      -5.85287829866210953E-003
   4.9092949595639492      -1.61788915873205055E-002
   5.8064235119391698      -6.73053836223196957E-003
   7.0927362139022199      -1.23668076406610854E-003
   7.3759934924049384      -2.49398691923403786E-004
   4.5529991214582939      -2.23988080917102497E-002
   6.0551906658667649      -6.60339463627704348E-003
   7.1302363214692965      -5.83519036085395747E-004
   2.6438265828151439       -2.3751788892138168     
   4.1779584727471866      -4.21458653627171387E-002
   6.2176727157353655      -2.36748441644853798E-003
   4.8550119464322643      -1.28784707451980191E-002
   2.8625474668553537       -1.3994759102495471     
   5.9482033421866136      -7.12139144274498079E-003
   4.2260973722809565      -3.06168094665142179E-002
   6.6316126243923508      -1.77189141601163383E-003
   5.9663581018909682      -2.85739436840205287E-003
   2.8794792932056312       -1.3788130956967810     
   7.1824438737800103      -1.41138198275576237E-003
   4.8894766591118932      -1.93592241519480492E-002
   4.8190132807453434      -1.65865221591921207E-002
   5.2537139244538240      -1.48697180264509652E-002
   5.9293002116607321      -2.77506597223650198E-003
   2.6472400722261669       -2.3247252404276835     
   4.5608947587068913      -2.26412754892564745E-002
   2.6198148789561451       -2.4410538972865146     
   2.8361745362371473       -1.5333242244970142     
   5.9345627471617490      -5.90723404312360183E-003
   7.5080703912523354      -1.30976809693188374E-003
   4.6930746851078338      -1.91744499668304487E-002
   4.7296871989593559      -1.45120961247745348E-002
   7.6248379654914631      -1.47485586600803239E-003
   6.2227250461514050      -2.36849740448501081E-003
   2.8304375986762187       -1.5253539706316579     
   6.1284961450587527      -2.53117438893267575E-003
   2.8434222338583486       -1.5379727720681913     
   6.6664215288263913      -1.77880175000285387E-003
   6.4401677773176065      -1.53147066454615796E-003
   2.6659396092184835       -2.2337142116578881     
   6.4536832119340968      -2.35265642441639423E-003
   7.2519846938613988      -7.60199726307158653E-004
   4.3560022956835089      -2.59234736733797121E-002
   3.9366763900529085      -9.32215500038733602E-002
   7.6458352715710536      -1.15809221918103367E-003
   4.7847334304013218      -1.45295535805160716E-002
   4.4504654812727171      -2.33351799231706555E-002
   7.1195810269987092      -2.36628466401137124E-003
   7.1676878419752619      -3.56923446080196095E-004
   6.3509250507307984      -2.55180755559876503E-003
   6.4670652540391149      -2.38009750153269457E-003
   2.6743122480368666       -2.2842796201743680     
   5.9621797188612149      -4.60824786678785351E-003
   6.3375937073939976      -2.58964714960590843E-003
   4.4280452798046230      -2.37104452389006806E-002
   6.0468624922351255      -1.87726461384276700E-003
   5.4741582914636293      -1.10138295293302074E-002
   4.5296280200475625      -2.00548646746161532E-002
   4.7576465820823639      -2.25772870156826302E-002
   6.9265393956867092      -1.25815610410772165E-003
   6.5001486906070074      -1.91106355865044140E-003
   5.1838045873663106      -1.61403716753722067E-002
   2.6522765692891079       -2.2724740394180629     
   2.8845744920178435       -1.2684999231560519     
   6.9527382375579192      -1.06048202970278620E-003
   5.2907812277583348      -1.59377597406609381E-002
   4.9870918379352114      -1.11785187273160079E-002
   6.0484428574633986      -2.98883756731867928E-003
   5.8749847659376959      -4.90029801243113509E-003
   3.9678070769632940      -7.27168029490425222E-002
